396

55555155 5115151151 5155555155155, 155 eroes Hertzcgen be-
55151555 55555155 5155115 5551 555 5511 5111555515551555555
55 5555515555, 515555115555 worden 5555.

1151515555 55555151 555 155 551515 155 Η5515ο515 555
Parma Schwangerechafft mit 55 55155555 55551511 55 555-
551555, 515 115 55555551555 5511 11555 Niederhunfft 1555115
5551515155, 551 5151 5511 1555 515155 15551555 155555 551155
15155 551155, welche 155 5551511 desselben unstatthefftigkeit
5515 551 551555 zu 1551111555 55151555.

111155 15155 5151 55555 155 15155155 (1555111511555-8551

³ scith hurtzem 5515551155 515155 5515 1555555555 155555

getham 5155 55511151 1555 15 11551555 Ρ55155551 55555 51555
mit (155Β1551511 ven 0515555 iiber obgedachte 5551515155155
515111151511 durch ihre 51555515515 115555 15555 155 111515
515155 11555151155555 5155 5555555115 1155551555555 macheu
551155, 11555 11555 55551555151ε J'ai (15 5155 55 5155 lieu d’etre
· 555551551 (15 555 Ρ551555551, 51 je veux 5155 5151, 55111555
1155551 155 [151155 55151551 151. 1151551555 15155 1555115
5555151555 Μ5551155 115 115551555 1115555155 5155 (15555115-
1155 51155 51551551155 Bischcff 555 0515555 1555555555155,
55555555 115 555555515 11555555 (15551115115551555 151551151,
1555 1555515 (155551151155 155Β1551111115151 155151151155 5515
55511511- 551 5115115115 5555, 551 515155 555 11555 511115
551 55551155 155 1155155 Ε515-Β1551511515 555555511551115515
· ment 5555155155555, 55515555 Ε5 1555515 5115555155 551 1155
(155551151155 5155 1155551151, 15515, 551 1115551551 5511555115.
Hierauff 151 5511 55555155 5515551551155 Α15555155 155 Ρ55
555555 (1555551 15 1155 51555 appel Comme d'abus 555 515151
15555155 Μ55155551 155 155 Ρ55155551 5155515551, welches
5551 11555 Appell 5555551555 551 551 551515555; 15 5155
55115551555 15555 auff eine von dem Ε515-Β155151155 155155
Kenig 5155515515 Requetc 15555155 55551 durch ein Α5555115
(1555511 5515515155 5515555151151555155, 551 511115 vill-

gemeltes Mandement 155 15511155, 551 115 5115555155 hierdurch
mit 5115555155 15111555155155 Qualificaticn 1515155 1151155, 55
55551 55115 55111 155155 Μ55155 5555551151 555 155 Ρ5515-
5551555551115155, 551 1551555 555 11555 55 11555 555115- ¹
lichen Verfahrungen 5555111555. Wie 555115515551 15515511
155 ,155115 55155551, 551 155 Ρ511155, 55551155 5155 denen
Partheyen 11555555 551 55 55155555 Nachteil und 5515155

 

